,I,V
0,0.0,0.0003980764
1,2e-08,0.008629151
2,4e-08,0.01912142
3,6.000000000000001e-08,0.02978737
4,8e-08,0.04039088
5,1e-07,0.05107491
6,1.2000000000000002e-07,0.06182001
7,1.4e-07,0.07270276
8,1.6e-07,0.08352692
9,1.8e-07,0.09442162
10,2e-07,0.1054174
11,2.2e-07,0.1164121
12,2.4000000000000003e-07,0.1273426
13,2.6e-07,0.1382854
14,2.8e-07,0.1494548
15,3e-07,0.1603688
16,3.2e-07,0.1713573
17,3.4000000000000003e-07,0.1820938
18,3.6e-07,0.1931451
19,3.8e-07,0.2039885
20,4e-07,0.2151684
21,4.2e-07,0.2263404
22,4.4e-07,0.2371735
23,4.6e-07,0.2482523
24,4.800000000000001e-07,0.2588206
25,5e-07,0.2698489
26,5.2e-07,0.2814181
27,5.4e-07,0.2919453
28,5.6e-07,0.3024597
29,5.800000000000001e-07,0.3134392
30,6e-07,0.3244582
31,6.2e-07,0.3350196
32,6.4e-07,0.346388
33,6.6e-07,0.3574468
34,6.800000000000001e-07,0.367956
35,7e-07,0.3786302
36,7.2e-07,0.3892308
37,7.4e-07,0.400056
38,7.6e-07,0.4115012
39,7.8e-07,0.4217379
40,8e-07,0.4331625
41,8.2e-07,0.4434473
42,8.4e-07,0.4544688
43,8.6e-07,0.4653214
44,8.8e-07,0.4764648
45,9.000000000000001e-07,0.4868776
46,9.2e-07,0.4979274
47,9.4e-07,0.5086758
48,9.600000000000001e-07,0.5196956
49,9.8e-07,0.5306179
50,1e-06,0.541111
51,1e-06,0.5411609
52,9.8e-07,0.5305336
53,9.6e-07,0.5195177
54,9.399999999999999e-07,0.5084425
55,9.2e-07,0.4977105
56,9e-07,0.4871645
57,8.799999999999999e-07,0.4760887
58,8.599999999999999e-07,0.4655674
59,8.4e-07,0.4546077
60,8.2e-07,0.4430099
61,8e-07,0.43241
62,7.799999999999999e-07,0.4220513
63,7.599999999999999e-07,0.4110985
64,7.399999999999999e-07,0.4000068
65,7.199999999999999e-07,0.3893009
66,7e-07,0.3788025
67,6.8e-07,0.3675924
68,6.599999999999999e-07,0.3566161
69,6.4e-07,0.3461641
70,6.2e-07,0.3352596
71,6e-07,0.3244134
72,5.8e-07,0.3135452
73,5.599999999999999e-07,0.3021419
74,5.399999999999999e-07,0.2917355
75,5.199999999999999e-07,0.2808492
76,5e-07,0.2698728
77,4.8e-07,0.2592629
78,4.5999999999999994e-07,0.2485056
79,4.399999999999999e-07,0.2373914
80,4.199999999999999e-07,0.2263404
81,4e-07,0.2154733
82,3.7999999999999996e-07,0.204369
83,3.5999999999999994e-07,0.1933479
84,3.399999999999999e-07,0.1822289
85,3.199999999999999e-07,0.1710638
86,3e-07,0.1599709
87,2.7999999999999997e-07,0.1489608
88,2.5999999999999995e-07,0.1378172
89,2.399999999999999e-07,0.1267371
90,2.199999999999999e-07,0.1156053
91,2e-07,0.1047004
92,1.7999999999999997e-07,0.09377037
93,1.5999999999999995e-07,0.08287621
94,1.3999999999999993e-07,0.07206512
95,1.199999999999999e-07,0.06125308
96,9.999999999999989e-08,0.05055966
97,7.999999999999998e-08,0.03993633
98,5.999999999999995e-08,0.02931884
99,3.999999999999983e-08,0.0187749
100,2.000000000000002e-08,0.008513292
101,0.0,0.0003935812
102,-2.000000000000002e-08,-0.007452551
103,-4.000000000000004e-08,-0.0170001
104,-6.000000000000006e-08,-0.02519001
105,-8.000000000000008e-08,-0.03199847
106,-1.000000000000001e-07,-0.03790808
107,-1.2000000000000012e-07,-0.04241993
108,-1.4000000000000014e-07,-0.04683767
109,-1.6000000000000016e-07,-0.05054759
110,-1.7999999999999997e-07,-0.05378158
111,-2e-07,-0.05713049
112,-2.2e-07,-0.06002464
113,-2.4000000000000003e-07,-0.06298757
114,-2.6000000000000005e-07,-0.06184368
115,-2.8000000000000007e-07,-0.06372876
116,-3.000000000000001e-07,-0.0650273
117,-3.200000000000001e-07,-0.06389809
118,-3.4000000000000013e-07,-0.06696664
119,-3.6000000000000015e-07,-0.06810506
120,-3.8000000000000017e-07,-0.06758123
121,-4e-07,-0.07033085
122,-4.2e-07,-0.07315855
123,-4.4e-07,-0.07301676
124,-4.6000000000000004e-07,-0.07493874
125,-4.800000000000001e-07,-0.07642479
126,-5.000000000000001e-07,-0.07837828
127,-5.200000000000001e-07,-0.08273295
128,-5.400000000000001e-07,-0.0837497
129,-5.600000000000001e-07,-0.08422978
130,-5.800000000000002e-07,-0.08881992
131,-6e-07,-0.09056099
132,-6.2e-07,-0.09365799
133,-6.4e-07,-0.09521516
134,-6.6e-07,-0.09871972
135,-6.800000000000001e-07,-0.09835059
136,-7.000000000000001e-07,-0.0994122
137,-7.200000000000001e-07,-0.1051356
138,-7.400000000000001e-07,-0.1071861
139,-7.600000000000001e-07,-0.1083849
140,-7.800000000000002e-07,-0.1134442
141,-8.000000000000002e-07,-0.1147106
142,-8.2e-07,-0.1140944
143,-8.4e-07,-0.1190889
144,-8.6e-07,-0.1203714
145,-8.8e-07,-0.1224243
146,-9.000000000000001e-07,-0.1257257
147,-9.200000000000003e-07,-0.1263473
148,-9.400000000000001e-07,-0.1317448
149,-9.6e-07,-0.1346634
150,-9.800000000000001e-07,-0.1370488
151,-1e-06,-0.1385292
152,-1e-06,-0.1378105
153,-9.8e-07,-0.1352723
154,-9.6e-07,-0.1331213
155,-9.399999999999999e-07,-0.1285409
156,-9.2e-07,-0.1272139
157,-9e-07,-0.1235897
158,-8.799999999999999e-07,-0.1211188
159,-8.599999999999999e-07,-0.1198231
160,-8.4e-07,-0.1175113
161,-8.2e-07,-0.1148563
162,-8e-07,-0.1141684
163,-7.799999999999999e-07,-0.1110281
164,-7.599999999999999e-07,-0.1047546
165,-7.399999999999999e-07,-0.1044476
166,-7.199999999999999e-07,-0.1001917
167,-7e-07,-0.1001427
168,-6.8e-07,-0.0929302
169,-6.599999999999999e-07,-0.09614762
170,-6.4e-07,-0.09226708
171,-6.2e-07,-0.08944002
172,-6e-07,-0.08710768
173,-5.8e-07,-0.08376621
174,-5.599999999999999e-07,-0.07897837
175,-5.399999999999999e-07,-0.0785972
176,-5.199999999999999e-07,-0.07640349
177,-5e-07,-0.07512046
178,-4.8e-07,-0.07170153
179,-4.5999999999999994e-07,-0.07073774
180,-4.399999999999999e-07,-0.06690703
181,-4.199999999999999e-07,-0.06610354
182,-4e-07,-0.06218474
183,-3.7999999999999996e-07,-0.05985131
184,-3.5999999999999994e-07,-0.05920876
185,-3.399999999999999e-07,-0.05590856
186,-3.199999999999999e-07,-0.05422032
187,-3e-07,-0.05410527
188,-2.7999999999999997e-07,-0.05329145
189,-2.5999999999999995e-07,-0.0517434
190,-2.399999999999999e-07,-0.04934499
191,-2.199999999999999e-07,-0.04870328
192,-2e-07,-0.04754142
193,-1.7999999999999997e-07,-0.04822204
194,-1.5999999999999995e-07,-0.04629624
195,-1.3999999999999993e-07,-0.0432713
196,-1.199999999999999e-07,-0.03951793
197,-9.999999999999989e-08,-0.0354787
198,-7.999999999999998e-08,-0.03054995
199,-5.999999999999995e-08,-0.02440935
200,-3.999999999999983e-08,-0.01623886
201,-2.000000000000002e-08,-0.007159842
202,0.0,0.0003824455
