,I,V
0,0.0,0.1459236
1,2.0000000000000002e-07,7.344507
2,4.0000000000000003e-07,20.87961
3,6.000000000000001e-07,20.99989
4,8.000000000000001e-07,20.9998
5,1.0000000000000002e-06,20.99979
6,1.2000000000000002e-06,20.99973
7,1.4000000000000001e-06,20.99969
8,1.6000000000000001e-06,20.99982
9,1.8000000000000001e-06,20.99981
10,2.0000000000000003e-06,20.99969
11,2.2e-06,20.99975
12,2.4000000000000003e-06,20.9998
13,2.6e-06,20.99966
14,2.8000000000000003e-06,20.99975
15,3e-06,20.99971
16,3.2000000000000003e-06,20.99976
17,3.4000000000000005e-06,20.9997
18,3.6000000000000003e-06,20.99973
19,3.8000000000000005e-06,20.99971
20,4.000000000000001e-06,20.99971
21,4.2000000000000004e-06,20.99975
22,4.4e-06,20.99964
23,4.6e-06,20.99966
24,4.800000000000001e-06,20.99975
25,5e-06,20.99972
26,5.2e-06,20.99969
27,5.400000000000001e-06,20.99975
28,5.600000000000001e-06,20.99966
29,5.8e-06,20.99966
30,6e-06,20.99969
31,6.200000000000001e-06,20.99972
32,6.4000000000000006e-06,20.99967
33,6.6e-06,20.99969
34,6.800000000000001e-06,20.99963
35,7.000000000000001e-06,20.99968
36,7.2000000000000005e-06,20.99969
37,7.4e-06,20.99966
38,7.600000000000001e-06,20.99969
39,7.8e-06,20.99962
40,8.000000000000001e-06,20.99963
41,8.200000000000001e-06,20.99966
42,8.400000000000001e-06,20.99965
43,8.6e-06,20.99965
44,8.8e-06,20.99962
45,9e-06,20.99958
46,9.2e-06,20.99963
47,9.400000000000001e-06,20.99962
48,9.600000000000001e-06,20.99962
49,9.800000000000001e-06,20.99964
50,1e-05,20.9996
51,1e-05,20.9996
52,9.800000000000001e-06,20.9996
53,9.600000000000001e-06,20.99966
54,9.400000000000001e-06,20.99963
55,9.2e-06,20.99962
56,9e-06,20.99963
57,8.8e-06,20.99962
58,8.6e-06,20.99965
59,8.400000000000001e-06,20.99968
60,8.200000000000001e-06,20.99967
61,8.000000000000001e-06,20.99969
62,7.8e-06,20.99965
63,7.6e-06,20.99967
64,7.4e-06,20.99968
65,7.2000000000000005e-06,20.99967
66,7.000000000000001e-06,20.99966
67,6.800000000000001e-06,20.99972
68,6.6e-06,20.99976
69,6.4000000000000006e-06,21.00031
70,6.2e-06,20.99936
71,6e-06,20.99966
72,5.8e-06,20.99973
73,5.600000000000001e-06,20.99972
74,5.400000000000001e-06,20.99971
75,5.2e-06,20.99975
76,5e-06,20.99976
77,4.800000000000001e-06,20.99977
78,4.6e-06,20.99977
79,4.4e-06,20.99976
80,4.2000000000000004e-06,20.99973
81,4.000000000000001e-06,20.99973
82,3.8e-06,20.99973
83,3.6000000000000003e-06,20.99975
84,3.4000000000000005e-06,20.99973
85,3.2e-06,20.99977
86,3e-06,20.99976
87,2.8000000000000003e-06,20.99979
88,2.6000000000000005e-06,20.9998
89,2.4e-06,20.9998
90,2.200000000000001e-06,20.99978
91,1.9999999999999995e-06,20.99983
92,1.7999999999999997e-06,20.99981
93,1.6e-06,20.99979
94,1.4000000000000001e-06,20.99983
95,1.2000000000000004e-06,20.99984
96,1.0000000000000006e-06,20.99981
97,8.000000000000008e-07,20.99981
98,5.999999999999993e-07,20.99981
99,3.9999999999999956e-07,20.99982
100,1.9999999999999978e-07,20.99987
101,0.0,20.91962
102,-1.9999999999999978e-07,-16.65707
103,-3.9999999999999956e-07,-21.00082
104,-5.999999999999993e-07,-21.00084
105,-8.000000000000008e-07,-21.00088
106,-1.0000000000000006e-06,-21.00084
107,-1.2000000000000004e-06,-21.00088
108,-1.4000000000000001e-06,-21.00083
109,-1.6e-06,-21.00086
110,-1.7999999999999997e-06,-21.00087
111,-1.9999999999999995e-06,-21.00085
112,-2.200000000000001e-06,-21.00087
113,-2.4000000000000007e-06,-21.00091
114,-2.6000000000000005e-06,-21.00091
115,-2.8000000000000003e-06,-21.00087
116,-3e-06,-21.00083
117,-3.2e-06,-21.00077
118,-3.3999999999999996e-06,-21.0008
119,-3.600000000000001e-06,-21.00084
120,-3.800000000000001e-06,-21.0008
121,-4.000000000000001e-06,-21.00078
122,-4.2000000000000004e-06,-21.00077
123,-4.4e-06,-21.0008
124,-4.6e-06,-21.00078
125,-4.8e-06,-21.00077
126,-5.000000000000001e-06,-21.00079
127,-5.200000000000001e-06,-21.00082
128,-5.400000000000001e-06,-21.00078
129,-5.599999999999999e-06,-21.00076
130,-5.8e-06,-21.00077
131,-6.000000000000002e-06,-21.00079
132,-6.2e-06,-21.0008
133,-6.400000000000001e-06,-21.00078
134,-6.5999999999999995e-06,-21.00077
135,-6.800000000000001e-06,-21.00075
136,-6.999999999999999e-06,-21.00074
137,-7.2000000000000005e-06,-21.00073
138,-7.400000000000002e-06,-21.00073
139,-7.6e-06,-21.00072
140,-7.800000000000002e-06,-21.00075
141,-8e-06,-21.00072
142,-8.200000000000001e-06,-21.00073
143,-8.4e-06,-21.00069
144,-8.6e-06,-21.00071
145,-8.800000000000002e-06,-21.00072
146,-9e-06,-21.00072
147,-9.200000000000002e-06,-21.00071
148,-9.4e-06,-21.00072
149,-9.600000000000001e-06,-21.00069
150,-9.8e-06,-21.0007
151,-1e-05,-21.0007
152,-1e-05,-21.00068
153,-9.800000000000001e-06,-21.00071
154,-9.600000000000001e-06,-21.0007
155,-9.400000000000001e-06,-21.00073
156,-9.2e-06,-21.00073
157,-9e-06,-21.00071
158,-8.8e-06,-21.00073
159,-8.6e-06,-21.00073
160,-8.400000000000001e-06,-21.00072
161,-8.200000000000001e-06,-21.00076
162,-8.000000000000001e-06,-21.00073
163,-7.8e-06,-21.00074
164,-7.6e-06,-21.00077
165,-7.4e-06,-21.00074
166,-7.2000000000000005e-06,-21.00073
167,-7.000000000000001e-06,-21.00076
168,-6.800000000000001e-06,-21.00075
169,-6.6e-06,-21.00079
170,-6.4000000000000006e-06,-21.00079
171,-6.2e-06,-21.00078
172,-6e-06,-21.00079
173,-5.8e-06,-21.00077
174,-5.600000000000001e-06,-21.0008
175,-5.400000000000001e-06,-21.00079
176,-5.2e-06,-21.00081
177,-5e-06,-21.00081
178,-4.800000000000001e-06,-21.00082
179,-4.6e-06,-21.00083
180,-4.4e-06,-21.00082
181,-4.2000000000000004e-06,-21.00083
182,-4.000000000000001e-06,-21.0008
183,-3.8e-06,-21.00083
184,-3.6000000000000003e-06,-21.00085
185,-3.4000000000000005e-06,-21.00085
186,-3.2e-06,-21.00084
187,-3e-06,-21.00086
188,-2.8000000000000003e-06,-21.00088
189,-2.6000000000000005e-06,-21.00088
190,-2.4e-06,-21.0009
191,-2.200000000000001e-06,-21.00087
192,-1.9999999999999995e-06,-21.00089
193,-1.7999999999999997e-06,-21.00088
194,-1.6e-06,-21.00091
195,-1.4000000000000001e-06,-21.00093
196,-1.2000000000000004e-06,-21.00091
197,-1.0000000000000006e-06,-21.00091
198,-8.000000000000008e-07,-21.00093
199,-5.999999999999993e-07,-21.00085
200,-3.9999999999999956e-07,-21.00085
201,-1.9999999999999978e-07,-21.0009
202,0.0,-20.78003
